168 3947
0 1
0 2
0 3
0 4
0 5
0 6
0 7
0 8
0 9
1 2
1 3
1 4
1 5
1 6
1 7
1 8
1 9
2 3
2 4
2 5
2 6
2 7
2 8
2 9
3 4
3 5
3 6
3 7
3 8
3 9
4 5
4 6
4 7
4 8
4 9
5 6
5 7
5 8
5 9
6 7
6 8
6 9
7 8
7 9
8 9
10 11
10 12
10 13
10 14
10 15
10 16
11 12
11 13
11 14
11 15
11 16
12 13
12 14
12 15
12 16
13 14
13 15
13 16
14 15
14 16
15 16
17 18
17 19
17 20
17 21
17 22
17 23
17 24
17 25
17 26
18 19
18 20
18 21
18 22
18 23
18 24
18 25
18 26
19 20
19 21
19 22
19 23
19 24
19 25
19 26
20 21
20 22
20 23
20 24
20 25
20 26
21 22
21 23
21 24
21 25
21 26
22 23
22 24
22 25
22 26
23 24
23 25
23 26
24 25
24 26
25 26
27 28
27 29
27 30
27 31
27 32
27 33
27 34
27 35
28 29
28 30
28 31
28 32
28 33
28 34
28 35
29 30
29 31
29 32
29 33
29 34
29 35
30 31
30 32
30 33
30 34
30 35
31 32
31 33
31 34
31 35
32 33
32 34
32 35
33 34
33 35
34 35
36 37
36 38
36 39
36 40
36 41
36 42
36 43
36 44
36 45
37 38
37 39
37 40
37 41
37 42
37 43
37 44
37 45
38 39
38 40
38 41
38 42
38 43
38 44
38 45
39 40
39 41
39 42
39 43
39 44
39 45
40 41
40 42
40 43
40 44
40 45
41 42
41 43
41 44
41 45
42 43
42 44
42 45
43 44
43 45
44 45
46 47
46 48
46 49
46 50
46 51
46 52
47 48
47 49
47 50
47 51
47 52
48 49
48 50
48 51
48 52
49 50
49 51
49 52
50 51
50 52
51 52
53 54
53 55
53 56
53 57
53 58
53 59
53 60
53 61
53 62
54 55
54 56
54 57
54 58
54 59
54 60
54 61
54 62
55 56
55 57
55 58
55 59
55 60
55 61
55 62
56 57
56 58
56 59
56 60
56 61
56 62
57 58
57 59
57 60
57 61
57 62
58 59
58 60
58 61
58 62
59 60
59 61
59 62
60 61
60 62
61 62
63 64
63 65
63 66
63 67
64 65
64 66
64 67
65 66
65 67
66 67
68 69
68 70
68 71
68 72
68 73
68 74
68 75
68 76
68 77
69 70
69 71
69 72
69 73
69 74
69 75
69 76
69 77
70 71
70 72
70 73
70 74
70 75
70 76
70 77
71 72
71 73
71 74
71 75
71 76
71 77
72 73
72 74
72 75
72 76
72 77
73 74
73 75
73 76
73 77
74 75
74 76
74 77
75 76
75 77
76 77
78 79
78 80
78 81
78 82
78 83
78 84
78 85
78 86
79 80
79 81
79 82
79 83
79 84
79 85
79 86
80 81
80 82
80 83
80 84
80 85
80 86
81 82
81 83
81 84
81 85
81 86
82 83
82 84
82 85
82 86
83 84
83 85
83 86
84 85
84 86
85 86
87 88
87 89
87 90
87 91
87 92
87 93
87 94
87 95
87 96
88 89
88 90
88 91
88 92
88 93
88 94
88 95
88 96
89 90
89 91
89 92
89 93
89 94
89 95
89 96
90 91
90 92
90 93
90 94
90 95
90 96
91 92
91 93
91 94
91 95
91 96
92 93
92 94
92 95
92 96
93 94
93 95
93 96
94 95
94 96
95 96
97 98
97 99
97 100
97 101
98 99
98 100
98 101
99 100
99 101
100 101
102 103
102 104
102 105
102 106
102 107
102 108
102 109
103 104
103 105
103 106
103 107
103 108
103 109
104 105
104 106
104 107
104 108
104 109
105 106
105 107
105 108
105 109
106 107
106 108
106 109
107 108
107 109
108 109
110 111
110 112
110 113
110 114
111 112
111 113
111 114
112 113
112 114
113 114
115 116
115 117
115 118
115 119
115 120
115 121
115 122
116 117
116 118
116 119
116 120
116 121
116 122
117 118
117 119
117 120
117 121
117 122
118 119
118 120
118 121
118 122
119 120
119 121
119 122
120 121
120 122
121 122
7 10
1 81
1 104
16 20
13 64
12 65
16 77
16 93
11 115
17 47
26 51
22 70
18 98
20 101
20 102
20 115
31 36
27 75
35 97
29 113
35 121
42 60
42 105
39 121
50 66
51 83
48 101
58 72
61 101
58 114
66 78
64 106
73 81
75 106
86 99
85 104
95 99
100 112
123 97
123 98
123 99
123 100
123 101
123 36
123 37
123 38
123 39
123 40
123 41
123 42
123 43
123 44
123 45
123 102
123 103
123 104
123 105
123 106
123 107
123 108
123 109
123 87
123 88
123 89
123 90
123 91
123 92
123 93
123 94
123 95
123 96
123 68
123 69
123 70
123 71
123 72
123 73
123 74
123 75
123 76
123 77
124 115
124 116
124 117
124 118
124 119
124 120
124 121
124 122
124 87
124 88
124 89
124 90
124 91
124 92
124 93
124 94
124 95
124 96
124 27
124 28
124 29
124 30
124 31
124 32
124 33
124 34
124 35
124 68
124 69
124 70
124 71
124 72
124 73
124 74
124 75
124 76
124 77
124 46
124 47
124 48
124 49
124 50
124 51
124 52
124 10
124 11
124 12
124 13
124 14
124 15
124 16
124 97
124 98
124 99
124 100
124 101
124 102
124 103
124 104
124 105
124 106
124 107
124 108
124 109
124 17
124 18
124 19
124 20
124 21
124 22
124 23
124 24
124 25
124 26
124 36
124 37
124 38
124 39
124 40
124 41
124 42
124 43
124 44
124 45
124 63
124 64
124 65
124 66
124 67
124 78
124 79
124 80
124 81
124 82
124 83
124 84
124 85
124 86
124 110
124 111
124 112
124 113
124 114
124 0
124 1
124 2
124 3
124 4
124 5
124 6
124 7
124 8
124 9
124 53
124 54
124 55
124 56
124 57
124 58
124 59
124 60
124 61
124 62
125 10
125 11
125 12
125 13
125 14
125 15
125 16
125 102
125 103
125 104
125 105
125 106
125 107
125 108
125 109
125 63
125 64
125 65
125 66
125 67
125 0
125 1
125 2
125 3
125 4
125 5
125 6
125 7
125 8
125 9
125 97
125 98
125 99
125 100
125 101
126 46
126 47
126 48
126 49
126 50
126 51
126 52
126 17
126 18
126 19
126 20
126 21
126 22
126 23
126 24
126 25
126 26
126 0
126 1
126 2
126 3
126 4
126 5
126 6
126 7
126 8
126 9
126 87
126 88
126 89
126 90
126 91
126 92
126 93
126 94
126 95
126 96
126 78
126 79
126 80
126 81
126 82
126 83
126 84
126 85
126 86
126 115
126 116
126 117
126 118
126 119
126 120
126 121
126 122
126 63
126 64
126 65
126 66
126 67
126 27
126 28
126 29
126 30
126 31
126 32
126 33
126 34
126 35
126 53
126 54
126 55
126 56
126 57
126 58
126 59
126 60
126 61
126 62
126 10
126 11
126 12
126 13
126 14
126 15
126 16
126 110
126 111
126 112
126 113
126 114
126 36
126 37
126 38
126 39
126 40
126 41
126 42
126 43
126 44
126 45
126 97
126 98
126 99
126 100
126 101
127 110
127 111
127 112
127 113
127 114
127 53
127 54
127 55
127 56
127 57
127 58
127 59
127 60
127 61
127 62
127 17
127 18
127 19
127 20
127 21
127 22
127 23
127 24
127 25
127 26
127 102
127 103
127 104
127 105
127 106
127 107
127 108
127 109
127 115
127 116
127 117
127 118
127 119
127 120
127 121
127 122
127 68
127 69
127 70
127 71
127 72
127 73
127 74
127 75
127 76
127 77
127 97
127 98
127 99
127 100
127 101
127 46
127 47
127 48
127 49
127 50
127 51
127 52
127 63
127 64
127 65
127 66
127 67
128 0
128 1
128 2
128 3
128 4
128 5
128 6
128 7
128 8
128 9
128 36
128 37
128 38
128 39
128 40
128 41
128 42
128 43
128 44
128 45
128 53
128 54
128 55
128 56
128 57
128 58
128 59
128 60
128 61
128 62
128 115
128 116
128 117
128 118
128 119
128 120
128 121
128 122
128 68
128 69
128 70
128 71
128 72
128 73
128 74
128 75
128 76
128 77
128 17
128 18
128 19
128 20
128 21
128 22
128 23
128 24
128 25
128 26
128 46
128 47
128 48
128 49
128 50
128 51
128 52
128 87
128 88
128 89
128 90
128 91
128 92
128 93
128 94
128 95
128 96
128 27
128 28
128 29
128 30
128 31
128 32
128 33
128 34
128 35
129 36
129 37
129 38
129 39
129 40
129 41
129 42
129 43
129 44
129 45
129 102
129 103
129 104
129 105
129 106
129 107
129 108
129 109
129 97
129 98
129 99
129 100
129 101
130 87
130 88
130 89
130 90
130 91
130 92
130 93
130 94
130 95
130 96
130 68
130 69
130 70
130 71
130 72
130 73
130 74
130 75
130 76
130 77
130 53
130 54
130 55
130 56
130 57
130 58
130 59
130 60
130 61
130 62
131 0
131 1
131 2
131 3
131 4
131 5
131 6
131 7
131 8
131 9
131 87
131 88
131 89
131 90
131 91
131 92
131 93
131 94
131 95
131 96
131 53
131 54
131 55
131 56
131 57
131 58
131 59
131 60
131 61
131 62
131 68
131 69
131 70
131 71
131 72
131 73
131 74
131 75
131 76
131 77
131 27
131 28
131 29
131 30
131 31
131 32
131 33
131 34
131 35
131 10
131 11
131 12
131 13
131 14
131 15
131 16
131 63
131 64
131 65
131 66
131 67
131 102
131 103
131 104
131 105
131 106
131 107
131 108
131 109
131 78
131 79
131 80
131 81
131 82
131 83
131 84
131 85
131 86
131 115
131 116
131 117
131 118
131 119
131 120
131 121
131 122
131 110
131 111
131 112
131 113
131 114
131 17
131 18
131 19
131 20
131 21
131 22
131 23
131 24
131 25
131 26
131 46
131 47
131 48
131 49
131 50
131 51
131 52
132 87
132 88
132 89
132 90
132 91
132 92
132 93
132 94
132 95
132 96
132 17
132 18
132 19
132 20
132 21
132 22
132 23
132 24
132 25
132 26
132 115
132 116
132 117
132 118
132 119
132 120
132 121
132 122
132 0
132 1
132 2
132 3
132 4
132 5
132 6
132 7
132 8
132 9
132 110
132 111
132 112
132 113
132 114
132 68
132 69
132 70
132 71
132 72
132 73
132 74
132 75
132 76
132 77
132 102
132 103
132 104
132 105
132 106
132 107
132 108
132 109
132 27
132 28
132 29
132 30
132 31
132 32
132 33
132 34
132 35
132 10
132 11
132 12
132 13
132 14
132 15
132 16
132 46
132 47
132 48
132 49
132 50
132 51
132 52
132 53
132 54
132 55
132 56
132 57
132 58
132 59
132 60
132 61
132 62
132 78
132 79
132 80
132 81
132 82
132 83
132 84
132 85
132 86
132 63
132 64
132 65
132 66
132 67
132 97
132 98
132 99
132 100
132 101
132 36
132 37
132 38
132 39
132 40
132 41
132 42
132 43
132 44
132 45
133 27
133 28
133 29
133 30
133 31
133 32
133 33
133 34
133 35
133 17
133 18
133 19
133 20
133 21
133 22
133 23
133 24
133 25
133 26
133 36
133 37
133 38
133 39
133 40
133 41
133 42
133 43
133 44
133 45
133 87
133 88
133 89
133 90
133 91
133 92
133 93
133 94
133 95
133 96
133 68
133 69
133 70
133 71
133 72
133 73
133 74
133 75
133 76
133 77
133 115
133 116
133 117
133 118
133 119
133 120
133 121
133 122
133 78
133 79
133 80
133 81
133 82
133 83
133 84
133 85
133 86
133 0
133 1
133 2
133 3
133 4
133 5
133 6
133 7
133 8
133 9
133 102
133 103
133 104
133 105
133 106
133 107
133 108
133 109
134 27
134 28
134 29
134 30
134 31
134 32
134 33
134 34
134 35
134 17
134 18
134 19
134 20
134 21
134 22
134 23
134 24
134 25
134 26
134 63
134 64
134 65
134 66
134 67
134 68
134 69
134 70
134 71
134 72
134 73
134 74
134 75
134 76
134 77
134 78
134 79
134 80
134 81
134 82
134 83
134 84
134 85
134 86
134 53
134 54
134 55
134 56
134 57
134 58
134 59
134 60
134 61
134 62
134 87
134 88
134 89
134 90
134 91
134 92
134 93
134 94
134 95
134 96
135 102
135 103
135 104
135 105
135 106
135 107
135 108
135 109
135 53
135 54
135 55
135 56
135 57
135 58
135 59
135 60
135 61
135 62
135 63
135 64
135 65
135 66
135 67
135 68
135 69
135 70
135 71
135 72
135 73
135 74
135 75
135 76
135 77
135 87
135 88
135 89
135 90
135 91
135 92
135 93
135 94
135 95
135 96
135 27
135 28
135 29
135 30
135 31
135 32
135 33
135 34
135 35
135 78
135 79
135 80
135 81
135 82
135 83
135 84
135 85
135 86
136 17
136 18
136 19
136 20
136 21
136 22
136 23
136 24
136 25
136 26
136 115
136 116
136 117
136 118
136 119
136 120
136 121
136 122
136 27
136 28
136 29
136 30
136 31
136 32
136 33
136 34
136 35
136 68
136 69
136 70
136 71
136 72
136 73
136 74
136 75
136 76
136 77
136 36
136 37
136 38
136 39
136 40
136 41
136 42
136 43
136 44
136 45
136 53
136 54
136 55
136 56
136 57
136 58
136 59
136 60
136 61
136 62
136 78
136 79
136 80
136 81
136 82
136 83
136 84
136 85
136 86
137 97
137 98
137 99
137 100
137 101
137 115
137 116
137 117
137 118
137 119
137 120
137 121
137 122
137 87
137 88
137 89
137 90
137 91
137 92
137 93
137 94
137 95
137 96
137 36
137 37
137 38
137 39
137 40
137 41
137 42
137 43
137 44
137 45
137 46
137 47
137 48
137 49
137 50
137 51
137 52
137 10
137 11
137 12
137 13
137 14
137 15
137 16
137 68
137 69
137 70
137 71
137 72
137 73
137 74
137 75
137 76
137 77
137 102
137 103
137 104
137 105
137 106
137 107
137 108
137 109
137 110
137 111
137 112
137 113
137 114
137 17
137 18
137 19
137 20
137 21
137 22
137 23
137 24
137 25
137 26
137 53
137 54
137 55
137 56
137 57
137 58
137 59
137 60
137 61
137 62
137 63
137 64
137 65
137 66
137 67
137 0
137 1
137 2
137 3
137 4
137 5
137 6
137 7
137 8
137 9
137 27
137 28
137 29
137 30
137 31
137 32
137 33
137 34
137 35
137 78
137 79
137 80
137 81
137 82
137 83
137 84
137 85
137 86
138 78
138 79
138 80
138 81
138 82
138 83
138 84
138 85
138 86
138 87
138 88
138 89
138 90
138 91
138 92
138 93
138 94
138 95
138 96
138 36
138 37
138 38
138 39
138 40
138 41
138 42
138 43
138 44
138 45
138 17
138 18
138 19
138 20
138 21
138 22
138 23
138 24
138 25
138 26
138 110
138 111
138 112
138 113
138 114
138 53
138 54
138 55
138 56
138 57
138 58
138 59
138 60
138 61
138 62
138 68
138 69
138 70
138 71
138 72
138 73
138 74
138 75
138 76
138 77
138 102
138 103
138 104
138 105
138 106
138 107
138 108
138 109
138 27
138 28
138 29
138 30
138 31
138 32
138 33
138 34
138 35
138 10
138 11
138 12
138 13
138 14
138 15
138 16
138 0
138 1
138 2
138 3
138 4
138 5
138 6
138 7
138 8
138 9
138 63
138 64
138 65
138 66
138 67
138 46
138 47
138 48
138 49
138 50
138 51
138 52
138 115
138 116
138 117
138 118
138 119
138 120
138 121
138 122
138 97
138 98
138 99
138 100
138 101
139 53
139 54
139 55
139 56
139 57
139 58
139 59
139 60
139 61
139 62
139 87
139 88
139 89
139 90
139 91
139 92
139 93
139 94
139 95
139 96
139 10
139 11
139 12
139 13
139 14
139 15
139 16
139 102
139 103
139 104
139 105
139 106
139 107
139 108
139 109
139 68
139 69
139 70
139 71
139 72
139 73
139 74
139 75
139 76
139 77
140 78
140 79
140 80
140 81
140 82
140 83
140 84
140 85
140 86
140 102
140 103
140 104
140 105
140 106
140 107
140 108
140 109
140 10
140 11
140 12
140 13
140 14
140 15
140 16
141 68
141 69
141 70
141 71
141 72
141 73
141 74
141 75
141 76
141 77
141 0
141 1
141 2
141 3
141 4
141 5
141 6
141 7
141 8
141 9
141 110
141 111
141 112
141 113
141 114
141 87
141 88
141 89
141 90
141 91
141 92
141 93
141 94
141 95
141 96
141 27
141 28
141 29
141 30
141 31
141 32
141 33
141 34
141 35
141 53
141 54
141 55
141 56
141 57
141 58
141 59
141 60
141 61
141 62
141 17
141 18
141 19
141 20
141 21
141 22
141 23
141 24
141 25
141 26
142 53
142 54
142 55
142 56
142 57
142 58
142 59
142 60
142 61
142 62
142 17
142 18
142 19
142 20
142 21
142 22
142 23
142 24
142 25
142 26
142 36
142 37
142 38
142 39
142 40
142 41
142 42
142 43
142 44
142 45
142 87
142 88
142 89
142 90
142 91
142 92
142 93
142 94
142 95
142 96
142 27
142 28
142 29
142 30
142 31
142 32
142 33
142 34
142 35
143 97
143 98
143 99
143 100
143 101
143 17
143 18
143 19
143 20
143 21
143 22
143 23
143 24
143 25
143 26
143 102
143 103
143 104
143 105
143 106
143 107
143 108
143 109
143 68
143 69
143 70
143 71
143 72
143 73
143 74
143 75
143 76
143 77
143 53
143 54
143 55
143 56
143 57
143 58
143 59
143 60
143 61
143 62
143 10
143 11
143 12
143 13
143 14
143 15
143 16
143 87
143 88
143 89
143 90
143 91
143 92
143 93
143 94
143 95
143 96
143 46
143 47
143 48
143 49
143 50
143 51
143 52
143 36
143 37
143 38
143 39
143 40
143 41
143 42
143 43
143 44
143 45
143 63
143 64
143 65
143 66
143 67
143 78
143 79
143 80
143 81
143 82
143 83
143 84
143 85
143 86
143 27
143 28
143 29
143 30
143 31
143 32
143 33
143 34
143 35
143 110
143 111
143 112
143 113
143 114
143 115
143 116
143 117
143 118
143 119
143 120
143 121
143 122
143 0
143 1
143 2
143 3
143 4
143 5
143 6
143 7
143 8
143 9
144 27
144 28
144 29
144 30
144 31
144 32
144 33
144 34
144 35
144 87
144 88
144 89
144 90
144 91
144 92
144 93
144 94
144 95
144 96
144 110
144 111
144 112
144 113
144 114
144 68
144 69
144 70
144 71
144 72
144 73
144 74
144 75
144 76
144 77
144 0
144 1
144 2
144 3
144 4
144 5
144 6
144 7
144 8
144 9
144 36
144 37
144 38
144 39
144 40
144 41
144 42
144 43
144 44
144 45
144 17
144 18
144 19
144 20
144 21
144 22
144 23
144 24
144 25
144 26
144 102
144 103
144 104
144 105
144 106
144 107
144 108
144 109
144 53
144 54
144 55
144 56
144 57
144 58
144 59
144 60
144 61
144 62
144 115
144 116
144 117
144 118
144 119
144 120
144 121
144 122
144 46
144 47
144 48
144 49
144 50
144 51
144 52
145 27
145 28
145 29
145 30
145 31
145 32
145 33
145 34
145 35
145 115
145 116
145 117
145 118
145 119
145 120
145 121
145 122
145 46
145 47
145 48
145 49
145 50
145 51
145 52
145 68
145 69
145 70
145 71
145 72
145 73
145 74
145 75
145 76
145 77
145 97
145 98
145 99
145 100
145 101
145 102
145 103
145 104
145 105
145 106
145 107
145 108
145 109
145 17
145 18
145 19
145 20
145 21
145 22
145 23
145 24
145 25
145 26
145 0
145 1
145 2
145 3
145 4
145 5
145 6
145 7
145 8
145 9
145 78
145 79
145 80
145 81
145 82
145 83
145 84
145 85
145 86
145 10
145 11
145 12
145 13
145 14
145 15
145 16
145 87
145 88
145 89
145 90
145 91
145 92
145 93
145 94
145 95
145 96
146 36
146 37
146 38
146 39
146 40
146 41
146 42
146 43
146 44
146 45
146 17
146 18
146 19
146 20
146 21
146 22
146 23
146 24
146 25
146 26
146 110
146 111
146 112
146 113
146 114
146 102
146 103
146 104
146 105
146 106
146 107
146 108
146 109
146 87
146 88
146 89
146 90
146 91
146 92
146 93
146 94
146 95
146 96
146 0
146 1
146 2
146 3
146 4
146 5
146 6
146 7
146 8
146 9
146 53
146 54
146 55
146 56
146 57
146 58
146 59
146 60
146 61
146 62
146 27
146 28
146 29
146 30
146 31
146 32
146 33
146 34
146 35
146 10
146 11
146 12
146 13
146 14
146 15
146 16
146 63
146 64
146 65
146 66
146 67
146 68
146 69
146 70
146 71
146 72
146 73
146 74
146 75
146 76
146 77
146 78
146 79
146 80
146 81
146 82
146 83
146 84
146 85
146 86
146 115
146 116
146 117
146 118
146 119
146 120
146 121
146 122
146 97
146 98
146 99
146 100
146 101
146 46
146 47
146 48
146 49
146 50
146 51
146 52
147 63
147 64
147 65
147 66
147 67
147 115
147 116
147 117
147 118
147 119
147 120
147 121
147 122
147 36
147 37
147 38
147 39
147 40
147 41
147 42
147 43
147 44
147 45
147 102
147 103
147 104
147 105
147 106
147 107
147 108
147 109
147 53
147 54
147 55
147 56
147 57
147 58
147 59
147 60
147 61
147 62
147 10
147 11
147 12
147 13
147 14
147 15
147 16
147 27
147 28
147 29
147 30
147 31
147 32
147 33
147 34
147 35
148 87
148 88
148 89
148 90
148 91
148 92
148 93
148 94
148 95
148 96
148 53
148 54
148 55
148 56
148 57
148 58
148 59
148 60
148 61
148 62
148 110
148 111
148 112
148 113
148 114
148 36
148 37
148 38
148 39
148 40
148 41
148 42
148 43
148 44
148 45
148 115
148 116
148 117
148 118
148 119
148 120
148 121
148 122
148 27
148 28
148 29
148 30
148 31
148 32
148 33
148 34
148 35
148 10
148 11
148 12
148 13
148 14
148 15
148 16
148 102
148 103
148 104
148 105
148 106
148 107
148 108
148 109
148 17
148 18
148 19
148 20
148 21
148 22
148 23
148 24
148 25
148 26
148 0
148 1
148 2
148 3
148 4
148 5
148 6
148 7
148 8
148 9
148 63
148 64
148 65
148 66
148 67
148 78
148 79
148 80
148 81
148 82
148 83
148 84
148 85
148 86
148 97
148 98
148 99
148 100
148 101
148 46
148 47
148 48
148 49
148 50
148 51
148 52
148 68
148 69
148 70
148 71
148 72
148 73
148 74
148 75
148 76
148 77
149 36
149 37
149 38
149 39
149 40
149 41
149 42
149 43
149 44
149 45
149 68
149 69
149 70
149 71
149 72
149 73
149 74
149 75
149 76
149 77
149 63
149 64
149 65
149 66
149 67
149 10
149 11
149 12
149 13
149 14
149 15
149 16
149 0
149 1
149 2
149 3
149 4
149 5
149 6
149 7
149 8
149 9
149 102
149 103
149 104
149 105
149 106
149 107
149 108
149 109
149 110
149 111
149 112
149 113
149 114
149 46
149 47
149 48
149 49
149 50
149 51
149 52
149 87
149 88
149 89
149 90
149 91
149 92
149 93
149 94
149 95
149 96
149 27
149 28
149 29
149 30
149 31
149 32
149 33
149 34
149 35
149 115
149 116
149 117
149 118
149 119
149 120
149 121
149 122
149 17
149 18
149 19
149 20
149 21
149 22
149 23
149 24
149 25
149 26
149 78
149 79
149 80
149 81
149 82
149 83
149 84
149 85
149 86
150 46
150 47
150 48
150 49
150 50
150 51
150 52
150 36
150 37
150 38
150 39
150 40
150 41
150 42
150 43
150 44
150 45
150 78
150 79
150 80
150 81
150 82
150 83
150 84
150 85
150 86
150 87
150 88
150 89
150 90
150 91
150 92
150 93
150 94
150 95
150 96
150 115
150 116
150 117
150 118
150 119
150 120
150 121
150 122
150 27
150 28
150 29
150 30
150 31
150 32
150 33
150 34
150 35
150 17
150 18
150 19
150 20
150 21
150 22
150 23
150 24
150 25
150 26
150 0
150 1
150 2
150 3
150 4
150 5
150 6
150 7
150 8
150 9
150 110
150 111
150 112
150 113
150 114
151 110
151 111
151 112
151 113
151 114
151 102
151 103
151 104
151 105
151 106
151 107
151 108
151 109
151 53
151 54
151 55
151 56
151 57
151 58
151 59
151 60
151 61
151 62
151 68
151 69
151 70
151 71
151 72
151 73
151 74
151 75
151 76
151 77
151 0
151 1
151 2
151 3
151 4
151 5
151 6
151 7
151 8
151 9
151 10
151 11
151 12
151 13
151 14
151 15
151 16
151 115
151 116
151 117
151 118
151 119
151 120
151 121
151 122
151 46
151 47
151 48
151 49
151 50
151 51
151 52
151 97
151 98
151 99
151 100
151 101
151 87
151 88
151 89
151 90
151 91
151 92
151 93
151 94
151 95
151 96
151 78
151 79
151 80
151 81
151 82
151 83
151 84
151 85
151 86
151 63
151 64
151 65
151 66
151 67
151 27
151 28
151 29
151 30
151 31
151 32
151 33
151 34
151 35
152 63
152 64
152 65
152 66
152 67
152 87
152 88
152 89
152 90
152 91
152 92
152 93
152 94
152 95
152 96
152 10
152 11
152 12
152 13
152 14
152 15
152 16
152 115
152 116
152 117
152 118
152 119
152 120
152 121
152 122
152 97
152 98
152 99
152 100
152 101
153 87
153 88
153 89
153 90
153 91
153 92
153 93
153 94
153 95
153 96
153 0
153 1
153 2
153 3
153 4
153 5
153 6
153 7
153 8
153 9
153 17
153 18
153 19
153 20
153 21
153 22
153 23
153 24
153 25
153 26
153 102
153 103
153 104
153 105
153 106
153 107
153 108
153 109
153 115
153 116
153 117
153 118
153 119
153 120
153 121
153 122
153 36
153 37
153 38
153 39
153 40
153 41
153 42
153 43
153 44
153 45
153 10
153 11
153 12
153 13
153 14
153 15
153 16
154 78
154 79
154 80
154 81
154 82
154 83
154 84
154 85
154 86
154 87
154 88
154 89
154 90
154 91
154 92
154 93
154 94
154 95
154 96
154 115
154 116
154 117
154 118
154 119
154 120
154 121
154 122
154 36
154 37
154 38
154 39
154 40
154 41
154 42
154 43
154 44
154 45
154 0
154 1
154 2
154 3
154 4
154 5
154 6
154 7
154 8
154 9
155 78
155 79
155 80
155 81
155 82
155 83
155 84
155 85
155 86
155 87
155 88
155 89
155 90
155 91
155 92
155 93
155 94
155 95
155 96
155 17
155 18
155 19
155 20
155 21
155 22
155 23
155 24
155 25
155 26
156 115
156 116
156 117
156 118
156 119
156 120
156 121
156 122
156 102
156 103
156 104
156 105
156 106
156 107
156 108
156 109
156 68
156 69
156 70
156 71
156 72
156 73
156 74
156 75
156 76
156 77
156 53
156 54
156 55
156 56
156 57
156 58
156 59
156 60
156 61
156 62
156 78
156 79
156 80
156 81
156 82
156 83
156 84
156 85
156 86
156 17
156 18
156 19
156 20
156 21
156 22
156 23
156 24
156 25
156 26
156 0
156 1
156 2
156 3
156 4
156 5
156 6
156 7
156 8
156 9
156 87
156 88
156 89
156 90
156 91
156 92
156 93
156 94
156 95
156 96
156 10
156 11
156 12
156 13
156 14
156 15
156 16
156 27
156 28
156 29
156 30
156 31
156 32
156 33
156 34
156 35
156 63
156 64
156 65
156 66
156 67
156 36
156 37
156 38
156 39
156 40
156 41
156 42
156 43
156 44
156 45
156 97
156 98
156 99
156 100
156 101
157 110
157 111
157 112
157 113
157 114
157 102
157 103
157 104
157 105
157 106
157 107
157 108
157 109
157 17
157 18
157 19
157 20
157 21
157 22
157 23
157 24
157 25
157 26
157 68
157 69
157 70
157 71
157 72
157 73
157 74
157 75
157 76
157 77
157 63
157 64
157 65
157 66
157 67
158 63
158 64
158 65
158 66
158 67
158 115
158 116
158 117
158 118
158 119
158 120
158 121
158 122
158 46
158 47
158 48
158 49
158 50
158 51
158 52
159 68
159 69
159 70
159 71
159 72
159 73
159 74
159 75
159 76
159 77
159 102
159 103
159 104
159 105
159 106
159 107
159 108
159 109
159 63
159 64
159 65
159 66
159 67
159 115
159 116
159 117
159 118
159 119
159 120
159 121
159 122
159 10
159 11
159 12
159 13
159 14
159 15
159 16
159 53
159 54
159 55
159 56
159 57
159 58
159 59
159 60
159 61
159 62
159 17
159 18
159 19
159 20
159 21
159 22
159 23
159 24
159 25
159 26
159 87
159 88
159 89
159 90
159 91
159 92
159 93
159 94
159 95
159 96
159 46
159 47
159 48
159 49
159 50
159 51
159 52
159 0
159 1
159 2
159 3
159 4
159 5
159 6
159 7
159 8
159 9
159 36
159 37
159 38
159 39
159 40
159 41
159 42
159 43
159 44
159 45
160 36
160 37
160 38
160 39
160 40
160 41
160 42
160 43
160 44
160 45
160 53
160 54
160 55
160 56
160 57
160 58
160 59
160 60
160 61
160 62
160 115
160 116
160 117
160 118
160 119
160 120
160 121
160 122
160 10
160 11
160 12
160 13
160 14
160 15
160 16
160 68
160 69
160 70
160 71
160 72
160 73
160 74
160 75
160 76
160 77
160 102
160 103
160 104
160 105
160 106
160 107
160 108
160 109
160 0
160 1
160 2
160 3
160 4
160 5
160 6
160 7
160 8
160 9
160 17
160 18
160 19
160 20
160 21
160 22
160 23
160 24
160 25
160 26
160 97
160 98
160 99
160 100
160 101
160 87
160 88
160 89
160 90
160 91
160 92
160 93
160 94
160 95
160 96
160 110
160 111
160 112
160 113
160 114
161 78
161 79
161 80
161 81
161 82
161 83
161 84
161 85
161 86
161 102
161 103
161 104
161 105
161 106
161 107
161 108
161 109
161 97
161 98
161 99
161 100
161 101
161 53
161 54
161 55
161 56
161 57
161 58
161 59
161 60
161 61
161 62
161 110
161 111
161 112
161 113
161 114
161 115
161 116
161 117
161 118
161 119
161 120
161 121
161 122
161 27
161 28
161 29
161 30
161 31
161 32
161 33
161 34
161 35
161 87
161 88
161 89
161 90
161 91
161 92
161 93
161 94
161 95
161 96
161 36
161 37
161 38
161 39
161 40
161 41
161 42
161 43
161 44
161 45
161 10
161 11
161 12
161 13
161 14
161 15
161 16
161 68
161 69
161 70
161 71
161 72
161 73
161 74
161 75
161 76
161 77
161 46
161 47
161 48
161 49
161 50
161 51
161 52
161 0
161 1
161 2
161 3
161 4
161 5
161 6
161 7
161 8
161 9
161 17
161 18
161 19
161 20
161 21
161 22
161 23
161 24
161 25
161 26
161 63
161 64
161 65
161 66
161 67
162 10
162 11
162 12
162 13
162 14
162 15
162 16
162 68
162 69
162 70
162 71
162 72
162 73
162 74
162 75
162 76
162 77
162 110
162 111
162 112
162 113
162 114
162 115
162 116
162 117
162 118
162 119
162 120
162 121
162 122
162 78
162 79
162 80
162 81
162 82
162 83
162 84
162 85
162 86
162 27
162 28
162 29
162 30
162 31
162 32
162 33
162 34
162 35
162 87
162 88
162 89
162 90
162 91
162 92
162 93
162 94
162 95
162 96
163 0
163 1
163 2
163 3
163 4
163 5
163 6
163 7
163 8
163 9
163 53
163 54
163 55
163 56
163 57
163 58
163 59
163 60
163 61
163 62
163 36
163 37
163 38
163 39
163 40
163 41
163 42
163 43
163 44
163 45
163 87
163 88
163 89
163 90
163 91
163 92
163 93
163 94
163 95
163 96
163 63
163 64
163 65
163 66
163 67
163 115
163 116
163 117
163 118
163 119
163 120
163 121
163 122
163 110
163 111
163 112
163 113
163 114
163 27
163 28
163 29
163 30
163 31
163 32
163 33
163 34
163 35
163 102
163 103
163 104
163 105
163 106
163 107
163 108
163 109
164 110
164 111
164 112
164 113
164 114
164 53
164 54
164 55
164 56
164 57
164 58
164 59
164 60
164 61
164 62
164 115
164 116
164 117
164 118
164 119
164 120
164 121
164 122
164 102
164 103
164 104
164 105
164 106
164 107
164 108
164 109
164 68
164 69
164 70
164 71
164 72
164 73
164 74
164 75
164 76
164 77
164 87
164 88
164 89
164 90
164 91
164 92
164 93
164 94
164 95
164 96
164 17
164 18
164 19
164 20
164 21
164 22
164 23
164 24
164 25
164 26
164 27
164 28
164 29
164 30
164 31
164 32
164 33
164 34
164 35
164 78
164 79
164 80
164 81
164 82
164 83
164 84
164 85
164 86
165 68
165 69
165 70
165 71
165 72
165 73
165 74
165 75
165 76
165 77
165 102
165 103
165 104
165 105
165 106
165 107
165 108
165 109
165 97
165 98
165 99
165 100
165 101
165 53
165 54
165 55
165 56
165 57
165 58
165 59
165 60
165 61
165 62
165 36
165 37
165 38
165 39
165 40
165 41
165 42
165 43
165 44
165 45
165 115
165 116
165 117
165 118
165 119
165 120
165 121
165 122
165 78
165 79
165 80
165 81
165 82
165 83
165 84
165 85
165 86
165 46
165 47
165 48
165 49
165 50
165 51
165 52
165 87
165 88
165 89
165 90
165 91
165 92
165 93
165 94
165 95
165 96
165 0
165 1
165 2
165 3
165 4
165 5
165 6
165 7
165 8
165 9
165 10
165 11
165 12
165 13
165 14
165 15
165 16
165 63
165 64
165 65
165 66
165 67
165 27
165 28
165 29
165 30
165 31
165 32
165 33
165 34
165 35
165 17
165 18
165 19
165 20
165 21
165 22
165 23
165 24
165 25
165 26
165 110
165 111
165 112
165 113
165 114
166 36
166 37
166 38
166 39
166 40
166 41
166 42
166 43
166 44
166 45
166 17
166 18
166 19
166 20
166 21
166 22
166 23
166 24
166 25
166 26
166 115
166 116
166 117
166 118
166 119
166 120
166 121
166 122
166 87
166 88
166 89
166 90
166 91
166 92
166 93
166 94
166 95
166 96
166 68
166 69
166 70
166 71
166 72
166 73
166 74
166 75
166 76
166 77
166 0
166 1
166 2
166 3
166 4
166 5
166 6
166 7
166 8
166 9
166 110
166 111
166 112
166 113
166 114
167 102
167 103
167 104
167 105
167 106
167 107
167 108
167 109
167 115
167 116
167 117
167 118
167 119
167 120
167 121
167 122
167 36
167 37
167 38
167 39
167 40
167 41
167 42
167 43
167 44
167 45
167 10
167 11
167 12
167 13
167 14
167 15
167 16
167 63
167 64
167 65
167 66
167 67
