220 5698
0 1
0 2
0 3
0 4
0 5
0 6
0 7
0 8
0 9
1 2
1 3
1 4
1 5
1 6
1 7
1 8
1 9
2 3
2 4
2 5
2 6
2 7
2 8
2 9
3 4
3 5
3 6
3 7
3 8
3 9
4 5
4 6
4 7
4 8
4 9
5 6
5 7
5 8
5 9
6 7
6 8
6 9
7 8
7 9
8 9
10 11
10 12
10 13
10 14
10 15
10 16
11 12
11 13
11 14
11 15
11 16
12 13
12 14
12 15
12 16
13 14
13 15
13 16
14 15
14 16
15 16
17 18
17 19
17 20
17 21
17 22
17 23
17 24
17 25
17 26
18 19
18 20
18 21
18 22
18 23
18 24
18 25
18 26
19 20
19 21
19 22
19 23
19 24
19 25
19 26
20 21
20 22
20 23
20 24
20 25
20 26
21 22
21 23
21 24
21 25
21 26
22 23
22 24
22 25
22 26
23 24
23 25
23 26
24 25
24 26
25 26
27 28
27 29
27 30
27 31
27 32
27 33
27 34
27 35
28 29
28 30
28 31
28 32
28 33
28 34
28 35
29 30
29 31
29 32
29 33
29 34
29 35
30 31
30 32
30 33
30 34
30 35
31 32
31 33
31 34
31 35
32 33
32 34
32 35
33 34
33 35
34 35
36 37
36 38
36 39
36 40
36 41
36 42
36 43
36 44
36 45
37 38
37 39
37 40
37 41
37 42
37 43
37 44
37 45
38 39
38 40
38 41
38 42
38 43
38 44
38 45
39 40
39 41
39 42
39 43
39 44
39 45
40 41
40 42
40 43
40 44
40 45
41 42
41 43
41 44
41 45
42 43
42 44
42 45
43 44
43 45
44 45
46 47
46 48
46 49
46 50
46 51
46 52
47 48
47 49
47 50
47 51
47 52
48 49
48 50
48 51
48 52
49 50
49 51
49 52
50 51
50 52
51 52
53 54
53 55
53 56
53 57
53 58
53 59
53 60
53 61
53 62
54 55
54 56
54 57
54 58
54 59
54 60
54 61
54 62
55 56
55 57
55 58
55 59
55 60
55 61
55 62
56 57
56 58
56 59
56 60
56 61
56 62
57 58
57 59
57 60
57 61
57 62
58 59
58 60
58 61
58 62
59 60
59 61
59 62
60 61
60 62
61 62
63 64
63 65
63 66
63 67
64 65
64 66
64 67
65 66
65 67
66 67
68 69
68 70
68 71
68 72
68 73
68 74
68 75
68 76
68 77
69 70
69 71
69 72
69 73
69 74
69 75
69 76
69 77
70 71
70 72
70 73
70 74
70 75
70 76
70 77
71 72
71 73
71 74
71 75
71 76
71 77
72 73
72 74
72 75
72 76
72 77
73 74
73 75
73 76
73 77
74 75
74 76
74 77
75 76
75 77
76 77
78 79
78 80
78 81
78 82
78 83
78 84
78 85
78 86
79 80
79 81
79 82
79 83
79 84
79 85
79 86
80 81
80 82
80 83
80 84
80 85
80 86
81 82
81 83
81 84
81 85
81 86
82 83
82 84
82 85
82 86
83 84
83 85
83 86
84 85
84 86
85 86
87 88
87 89
87 90
87 91
87 92
87 93
87 94
87 95
87 96
88 89
88 90
88 91
88 92
88 93
88 94
88 95
88 96
89 90
89 91
89 92
89 93
89 94
89 95
89 96
90 91
90 92
90 93
90 94
90 95
90 96
91 92
91 93
91 94
91 95
91 96
92 93
92 94
92 95
92 96
93 94
93 95
93 96
94 95
94 96
95 96
97 98
97 99
97 100
97 101
98 99
98 100
98 101
99 100
99 101
100 101
102 103
102 104
102 105
102 106
102 107
102 108
102 109
103 104
103 105
103 106
103 107
103 108
103 109
104 105
104 106
104 107
104 108
104 109
105 106
105 107
105 108
105 109
106 107
106 108
106 109
107 108
107 109
108 109
110 111
110 112
110 113
110 114
111 112
111 113
111 114
112 113
112 114
113 114
115 116
115 117
115 118
115 119
115 120
115 121
115 122
116 117
116 118
116 119
116 120
116 121
116 122
117 118
117 119
117 120
117 121
117 122
118 119
118 120
118 121
118 122
119 120
119 121
119 122
120 121
120 122
121 122
123 124
123 125
123 126
123 127
123 128
123 129
124 125
124 126
124 127
124 128
124 129
125 126
125 127
125 128
125 129
126 127
126 128
126 129
127 128
127 129
128 129
130 131
130 132
130 133
130 134
130 135
130 136
130 137
131 132
131 133
131 134
131 135
131 136
131 137
132 133
132 134
132 135
132 136
132 137
133 134
133 135
133 136
133 137
134 135
134 136
134 137
135 136
135 137
136 137
138 139
138 140
138 141
138 142
138 143
138 144
139 140
139 141
139 142
139 143
139 144
140 141
140 142
140 143
140 144
141 142
141 143
141 144
142 143
142 144
143 144
145 146
145 147
145 148
145 149
145 150
145 151
145 152
145 153
145 154
146 147
146 148
146 149
146 150
146 151
146 152
146 153
146 154
147 148
147 149
147 150
147 151
147 152
147 153
147 154
148 149
148 150
148 151
148 152
148 153
148 154
149 150
149 151
149 152
149 153
149 154
150 151
150 152
150 153
150 154
151 152
151 153
151 154
152 153
152 154
153 154
155 156
155 157
155 158
155 159
156 157
156 158
156 159
157 158
157 159
158 159
1 74
1 101
8 118
6 156
3 157
16 26
16 42
11 70
15 98
14 99
11 121
11 144
10 144
10 147
20 32
26 36
21 75
25 97
18 113
20 121
23 133
29 62
29 70
34 95
30 106
35 119
32 159
44 67
41 82
39 104
37 128
41 147
48 67
51 99
52 104
51 124
56 65
56 112
62 134
53 135
57 142
56 153
65 74
63 99
64 113
64 127
63 143
67 155
71 93
77 106
73 125
78 88
85 108
79 134
86 130
80 153
88 108
90 138
94 159
100 121
99 129
98 138
97 156
105 111
105 139
144 151
149 157
160 0
160 1
160 2
160 3
160 4
160 5
160 6
160 7
160 8
160 9
160 102
160 103
160 104
160 105
160 106
160 107
160 108
160 109
161 138
161 139
161 140
161 141
161 142
161 143
161 144
161 53
161 54
161 55
161 56
161 57
161 58
161 59
161 60
161 61
161 62
161 155
161 156
161 157
161 158
161 159
161 115
161 116
161 117
161 118
161 119
161 120
161 121
161 122
161 110
161 111
161 112
161 113
161 114
161 78
161 79
161 80
161 81
161 82
161 83
161 84
161 85
161 86
161 17
161 18
161 19
161 20
161 21
161 22
161 23
161 24
161 25
161 26
161 145
161 146
161 147
161 148
161 149
161 150
161 151
161 152
161 153
161 154
161 46
161 47
161 48
161 49
161 50
161 51
161 52
161 63
161 64
161 65
161 66
161 67
162 115
162 116
162 117
162 118
162 119
162 120
162 121
162 122
162 97
162 98
162 99
162 100
162 101
163 155
163 156
163 157
163 158
163 159
163 138
163 139
163 140
163 141
163 142
163 143
163 144
163 97
163 98
163 99
163 100
163 101
163 10
163 11
163 12
163 13
163 14
163 15
163 16
163 0
163 1
163 2
163 3
163 4
163 5
163 6
163 7
163 8
163 9
163 145
163 146
163 147
163 148
163 149
163 150
163 151
163 152
163 153
163 154
163 78
163 79
163 80
163 81
163 82
163 83
163 84
163 85
163 86
163 46
163 47
163 48
163 49
163 50
163 51
163 52
163 36
163 37
163 38
163 39
163 40
163 41
163 42
163 43
163 44
163 45
163 130
163 131
163 132
163 133
163 134
163 135
163 136
163 137
163 27
163 28
163 29
163 30
163 31
163 32
163 33
163 34
163 35
164 27
164 28
164 29
164 30
164 31
164 32
164 33
164 34
164 35
164 78
164 79
164 80
164 81
164 82
164 83
164 84
164 85
164 86
164 63
164 64
164 65
164 66
164 67
164 53
164 54
164 55
164 56
164 57
164 58
164 59
164 60
164 61
164 62
164 123
164 124
164 125
164 126
164 127
164 128
164 129
164 138
164 139
164 140
164 141
164 142
164 143
164 144
164 36
164 37
164 38
164 39
164 40
164 41
164 42
164 43
164 44
164 45
164 68
164 69
164 70
164 71
164 72
164 73
164 74
164 75
164 76
164 77
164 155
164 156
164 157
164 158
164 159
164 0
164 1
164 2
164 3
164 4
164 5
164 6
164 7
164 8
164 9
164 46
164 47
164 48
164 49
164 50
164 51
164 52
164 102
164 103
164 104
164 105
164 106
164 107
164 108
164 109
164 10
164 11
164 12
164 13
164 14
164 15
164 16
164 17
164 18
164 19
164 20
164 21
164 22
164 23
164 24
164 25
164 26
164 87
164 88
164 89
164 90
164 91
164 92
164 93
164 94
164 95
164 96
164 130
164 131
164 132
164 133
164 134
164 135
164 136
164 137
164 110
164 111
164 112
164 113
164 114
165 78
165 79
165 80
165 81
165 82
165 83
165 84
165 85
165 86
165 53
165 54
165 55
165 56
165 57
165 58
165 59
165 60
165 61
165 62
165 110
165 111
165 112
165 113
165 114
165 115
165 116
165 117
165 118
165 119
165 120
165 121
165 122
165 0
165 1
165 2
165 3
165 4
165 5
165 6
165 7
165 8
165 9
165 97
165 98
165 99
165 100
165 101
165 46
165 47
165 48
165 49
165 50
165 51
165 52
165 130
165 131
165 132
165 133
165 134
165 135
165 136
165 137
165 138
165 139
165 140
165 141
165 142
165 143
165 144
165 17
165 18
165 19
165 20
165 21
165 22
165 23
165 24
165 25
165 26
165 10
165 11
165 12
165 13
165 14
165 15
165 16
165 145
165 146
165 147
165 148
165 149
165 150
165 151
165 152
165 153
165 154
165 68
165 69
165 70
165 71
165 72
165 73
165 74
165 75
165 76
165 77
165 155
165 156
165 157
165 158
165 159
165 36
165 37
165 38
165 39
165 40
165 41
165 42
165 43
165 44
165 45
165 102
165 103
165 104
165 105
165 106
165 107
165 108
165 109
165 123
165 124
165 125
165 126
165 127
165 128
165 129
165 63
165 64
165 65
165 66
165 67
165 27
165 28
165 29
165 30
165 31
165 32
165 33
165 34
165 35
166 138
166 139
166 140
166 141
166 142
166 143
166 144
166 17
166 18
166 19
166 20
166 21
166 22
166 23
166 24
166 25
166 26
166 27
166 28
166 29
166 30
166 31
166 32
166 33
166 34
166 35
166 123
166 124
166 125
166 126
166 127
166 128
166 129
166 110
166 111
166 112
166 113
166 114
166 130
166 131
166 132
166 133
166 134
166 135
166 136
166 137
167 53
167 54
167 55
167 56
167 57
167 58
167 59
167 60
167 61
167 62
167 10
167 11
167 12
167 13
167 14
167 15
167 16
168 63
168 64
168 65
168 66
168 67
168 53
168 54
168 55
168 56
168 57
168 58
168 59
168 60
168 61
168 62
168 27
168 28
168 29
168 30
168 31
168 32
168 33
168 34
168 35
168 97
168 98
168 99
168 100
168 101
169 53
169 54
169 55
169 56
169 57
169 58
169 59
169 60
169 61
169 62
169 97
169 98
169 99
169 100
169 101
169 102
169 103
169 104
169 105
169 106
169 107
169 108
169 109
169 123
169 124
169 125
169 126
169 127
169 128
169 129
169 0
169 1
169 2
169 3
169 4
169 5
169 6
169 7
169 8
169 9
169 145
169 146
169 147
169 148
169 149
169 150
169 151
169 152
169 153
169 154
169 36
169 37
169 38
169 39
169 40
169 41
169 42
169 43
169 44
169 45
169 138
169 139
169 140
169 141
169 142
169 143
169 144
169 115
169 116
169 117
169 118
169 119
169 120
169 121
169 122
169 87
169 88
169 89
169 90
169 91
169 92
169 93
169 94
169 95
169 96
169 68
169 69
169 70
169 71
169 72
169 73
169 74
169 75
169 76
169 77
169 63
169 64
169 65
169 66
169 67
169 78
169 79
169 80
169 81
169 82
169 83
169 84
169 85
169 86
169 155
169 156
169 157
169 158
169 159
169 46
169 47
169 48
169 49
169 50
169 51
169 52
169 110
169 111
169 112
169 113
169 114
169 17
169 18
169 19
169 20
169 21
169 22
169 23
169 24
169 25
169 26
170 68
170 69
170 70
170 71
170 72
170 73
170 74
170 75
170 76
170 77
170 97
170 98
170 99
170 100
170 101
170 17
170 18
170 19
170 20
170 21
170 22
170 23
170 24
170 25
170 26
170 110
170 111
170 112
170 113
170 114
170 0
170 1
170 2
170 3
170 4
170 5
170 6
170 7
170 8
170 9
170 53
170 54
170 55
170 56
170 57
170 58
170 59
170 60
170 61
170 62
170 46
170 47
170 48
170 49
170 50
170 51
170 52
170 123
170 124
170 125
170 126
170 127
170 128
170 129
170 130
170 131
170 132
170 133
170 134
170 135
170 136
170 137
170 155
170 156
170 157
170 158
170 159
170 87
170 88
170 89
170 90
170 91
170 92
170 93
170 94
170 95
170 96
170 115
170 116
170 117
170 118
170 119
170 120
170 121
170 122
170 36
170 37
170 38
170 39
170 40
170 41
170 42
170 43
170 44
170 45
171 53
171 54
171 55
171 56
171 57
171 58
171 59
171 60
171 61
171 62
171 46
171 47
171 48
171 49
171 50
171 51
171 52
171 130
171 131
171 132
171 133
171 134
171 135
171 136
171 137
171 138
171 139
171 140
171 141
171 142
171 143
171 144
171 0
171 1
171 2
171 3
171 4
171 5
171 6
171 7
171 8
171 9
171 102
171 103
171 104
171 105
171 106
171 107
171 108
171 109
171 115
171 116
171 117
171 118
171 119
171 120
171 121
171 122
171 10
171 11
171 12
171 13
171 14
171 15
171 16
171 145
171 146
171 147
171 148
171 149
171 150
171 151
171 152
171 153
171 154
171 155
171 156
171 157
171 158
171 159
172 63
172 64
172 65
172 66
172 67
172 115
172 116
172 117
172 118
172 119
172 120
172 121
172 122
172 155
172 156
172 157
172 158
172 159
172 123
172 124
172 125
172 126
172 127
172 128
172 129
172 27
172 28
172 29
172 30
172 31
172 32
172 33
172 34
172 35
172 110
172 111
172 112
172 113
172 114
173 36
173 37
173 38
173 39
173 40
173 41
173 42
173 43
173 44
173 45
173 155
173 156
173 157
173 158
173 159
173 87
173 88
173 89
173 90
173 91
173 92
173 93
173 94
173 95
173 96
173 123
173 124
173 125
173 126
173 127
173 128
173 129
173 68
173 69
173 70
173 71
173 72
173 73
173 74
173 75
173 76
173 77
173 53
173 54
173 55
173 56
173 57
173 58
173 59
173 60
173 61
173 62
173 46
173 47
173 48
173 49
173 50
173 51
173 52
173 10
173 11
173 12
173 13
173 14
173 15
173 16
173 0
173 1
173 2
173 3
173 4
173 5
173 6
173 7
173 8
173 9
173 97
173 98
173 99
173 100
173 101
173 115
173 116
173 117
173 118
173 119
173 120
173 121
173 122
173 130
173 131
173 132
173 133
173 134
173 135
173 136
173 137
173 78
173 79
173 80
173 81
173 82
173 83
173 84
173 85
173 86
173 27
173 28
173 29
173 30
173 31
173 32
173 33
173 34
173 35
173 17
173 18
173 19
173 20
173 21
173 22
173 23
173 24
173 25
173 26
173 138
173 139
173 140
173 141
173 142
173 143
173 144
173 102
173 103
173 104
173 105
173 106
173 107
173 108
173 109
174 87
174 88
174 89
174 90
174 91
174 92
174 93
174 94
174 95
174 96
174 115
174 116
174 117
174 118
174 119
174 120
174 121
174 122
174 102
174 103
174 104
174 105
174 106
174 107
174 108
174 109
174 10
174 11
174 12
174 13
174 14
174 15
174 16
174 0
174 1
174 2
174 3
174 4
174 5
174 6
174 7
174 8
174 9
174 53
174 54
174 55
174 56
174 57
174 58
174 59
174 60
174 61
174 62
174 68
174 69
174 70
174 71
174 72
174 73
174 74
174 75
174 76
174 77
174 27
174 28
174 29
174 30
174 31
174 32
174 33
174 34
174 35
174 36
174 37
174 38
174 39
174 40
174 41
174 42
174 43
174 44
174 45
174 46
174 47
174 48
174 49
174 50
174 51
174 52
174 17
174 18
174 19
174 20
174 21
174 22
174 23
174 24
174 25
174 26
174 63
174 64
174 65
174 66
174 67
174 145
174 146
174 147
174 148
174 149
174 150
174 151
174 152
174 153
174 154
174 97
174 98
174 99
174 100
174 101
174 78
174 79
174 80
174 81
174 82
174 83
174 84
174 85
174 86
174 123
174 124
174 125
174 126
174 127
174 128
174 129
174 110
174 111
174 112
174 113
174 114
174 138
174 139
174 140
174 141
174 142
174 143
174 144
175 63
175 64
175 65
175 66
175 67
175 17
175 18
175 19
175 20
175 21
175 22
175 23
175 24
175 25
175 26
175 46
175 47
175 48
175 49
175 50
175 51
175 52
175 115
175 116
175 117
175 118
175 119
175 120
175 121
175 122
175 97
175 98
175 99
175 100
175 101
175 102
175 103
175 104
175 105
175 106
175 107
175 108
175 109
175 78
175 79
175 80
175 81
175 82
175 83
175 84
175 85
175 86
176 63
176 64
176 65
176 66
176 67
176 46
176 47
176 48
176 49
176 50
176 51
176 52
176 0
176 1
176 2
176 3
176 4
176 5
176 6
176 7
176 8
176 9
176 97
176 98
176 99
176 100
176 101
176 155
176 156
176 157
176 158
176 159
176 87
176 88
176 89
176 90
176 91
176 92
176 93
176 94
176 95
176 96
176 110
176 111
176 112
176 113
176 114
176 10
176 11
176 12
176 13
176 14
176 15
176 16
176 123
176 124
176 125
176 126
176 127
176 128
176 129
176 130
176 131
176 132
176 133
176 134
176 135
176 136
176 137
176 27
176 28
176 29
176 30
176 31
176 32
176 33
176 34
176 35
176 78
176 79
176 80
176 81
176 82
176 83
176 84
176 85
176 86
176 36
176 37
176 38
176 39
176 40
176 41
176 42
176 43
176 44
176 45
176 138
176 139
176 140
176 141
176 142
176 143
176 144
177 130
177 131
177 132
177 133
177 134
177 135
177 136
177 137
177 78
177 79
177 80
177 81
177 82
177 83
177 84
177 85
177 86
177 53
177 54
177 55
177 56
177 57
177 58
177 59
177 60
177 61
177 62
177 102
177 103
177 104
177 105
177 106
177 107
177 108
177 109
178 63
178 64
178 65
178 66
178 67
178 145
178 146
178 147
178 148
178 149
178 150
178 151
178 152
178 153
178 154
178 138
178 139
178 140
178 141
178 142
178 143
178 144
178 102
178 103
178 104
178 105
178 106
178 107
178 108
178 109
178 0
178 1
178 2
178 3
178 4
178 5
178 6
178 7
178 8
178 9
178 155
178 156
178 157
178 158
178 159
179 68
179 69
179 70
179 71
179 72
179 73
179 74
179 75
179 76
179 77
179 102
179 103
179 104
179 105
179 106
179 107
179 108
179 109
179 130
179 131
179 132
179 133
179 134
179 135
179 136
179 137
179 63
179 64
179 65
179 66
179 67
179 17
179 18
179 19
179 20
179 21
179 22
179 23
179 24
179 25
179 26
179 145
179 146
179 147
179 148
179 149
179 150
179 151
179 152
179 153
179 154
179 53
179 54
179 55
179 56
179 57
179 58
179 59
179 60
179 61
179 62
179 110
179 111
179 112
179 113
179 114
179 0
179 1
179 2
179 3
179 4
179 5
179 6
179 7
179 8
179 9
179 115
179 116
179 117
179 118
179 119
179 120
179 121
179 122
179 87
179 88
179 89
179 90
179 91
179 92
179 93
179 94
179 95
179 96
179 97
179 98
179 99
179 100
179 101
179 36
179 37
179 38
179 39
179 40
179 41
179 42
179 43
179 44
179 45
179 138
179 139
179 140
179 141
179 142
179 143
179 144
180 78
180 79
180 80
180 81
180 82
180 83
180 84
180 85
180 86
180 46
180 47
180 48
180 49
180 50
180 51
180 52
180 138
180 139
180 140
180 141
180 142
180 143
180 144
180 10
180 11
180 12
180 13
180 14
180 15
180 16
180 27
180 28
180 29
180 30
180 31
180 32
180 33
180 34
180 35
180 155
180 156
180 157
180 158
180 159
180 63
180 64
180 65
180 66
180 67
180 123
180 124
180 125
180 126
180 127
180 128
180 129
180 0
180 1
180 2
180 3
180 4
180 5
180 6
180 7
180 8
180 9
180 115
180 116
180 117
180 118
180 119
180 120
180 121
180 122
180 97
180 98
180 99
180 100
180 101
180 130
180 131
180 132
180 133
180 134
180 135
180 136
180 137
180 110
180 111
180 112
180 113
180 114
180 87
180 88
180 89
180 90
180 91
180 92
180 93
180 94
180 95
180 96
180 17
180 18
180 19
180 20
180 21
180 22
180 23
180 24
180 25
180 26
180 36
180 37
180 38
180 39
180 40
180 41
180 42
180 43
180 44
180 45
181 102
181 103
181 104
181 105
181 106
181 107
181 108
181 109
181 97
181 98
181 99
181 100
181 101
181 115
181 116
181 117
181 118
181 119
181 120
181 121
181 122
181 110
181 111
181 112
181 113
181 114
181 130
181 131
181 132
181 133
181 134
181 135
181 136
181 137
181 138
181 139
181 140
181 141
181 142
181 143
181 144
181 36
181 37
181 38
181 39
181 40
181 41
181 42
181 43
181 44
181 45
181 155
181 156
181 157
181 158
181 159
181 68
181 69
181 70
181 71
181 72
181 73
181 74
181 75
181 76
181 77
181 10
181 11
181 12
181 13
181 14
181 15
181 16
181 17
181 18
181 19
181 20
181 21
181 22
181 23
181 24
181 25
181 26
181 0
181 1
181 2
181 3
181 4
181 5
181 6
181 7
181 8
181 9
181 53
181 54
181 55
181 56
181 57
181 58
181 59
181 60
181 61
181 62
182 145
182 146
182 147
182 148
182 149
182 150
182 151
182 152
182 153
182 154
182 10
182 11
182 12
182 13
182 14
182 15
182 16
182 102
182 103
182 104
182 105
182 106
182 107
182 108
182 109
182 130
182 131
182 132
182 133
182 134
182 135
182 136
182 137
182 115
182 116
182 117
182 118
182 119
182 120
182 121
182 122
182 155
182 156
182 157
182 158
182 159
182 36
182 37
182 38
182 39
182 40
182 41
182 42
182 43
182 44
182 45
182 97
182 98
182 99
182 100
182 101
183 78
183 79
183 80
183 81
183 82
183 83
183 84
183 85
183 86
183 53
183 54
183 55
183 56
183 57
183 58
183 59
183 60
183 61
183 62
183 46
183 47
183 48
183 49
183 50
183 51
183 52
183 36
183 37
183 38
183 39
183 40
183 41
183 42
183 43
183 44
183 45
183 110
183 111
183 112
183 113
183 114
183 10
183 11
183 12
183 13
183 14
183 15
183 16
183 63
183 64
183 65
183 66
183 67
183 97
183 98
183 99
183 100
183 101
183 0
183 1
183 2
183 3
183 4
183 5
183 6
183 7
183 8
183 9
183 68
183 69
183 70
183 71
183 72
183 73
183 74
183 75
183 76
183 77
183 123
183 124
183 125
183 126
183 127
183 128
183 129
183 138
183 139
183 140
183 141
183 142
183 143
183 144
183 27
183 28
183 29
183 30
183 31
183 32
183 33
183 34
183 35
183 102
183 103
183 104
183 105
183 106
183 107
183 108
183 109
183 87
183 88
183 89
183 90
183 91
183 92
183 93
183 94
183 95
183 96
184 10
184 11
184 12
184 13
184 14
184 15
184 16
184 130
184 131
184 132
184 133
184 134
184 135
184 136
184 137
184 110
184 111
184 112
184 113
184 114
184 78
184 79
184 80
184 81
184 82
184 83
184 84
184 85
184 86
184 17
184 18
184 19
184 20
184 21
184 22
184 23
184 24
184 25
184 26
184 53
184 54
184 55
184 56
184 57
184 58
184 59
184 60
184 61
184 62
184 123
184 124
184 125
184 126
184 127
184 128
184 129
184 46
184 47
184 48
184 49
184 50
184 51
184 52
184 36
184 37
184 38
184 39
184 40
184 41
184 42
184 43
184 44
184 45
184 63
184 64
184 65
184 66
184 67
184 97
184 98
184 99
184 100
184 101
184 27
184 28
184 29
184 30
184 31
184 32
184 33
184 34
184 35
184 68
184 69
184 70
184 71
184 72
184 73
184 74
184 75
184 76
184 77
184 145
184 146
184 147
184 148
184 149
184 150
184 151
184 152
184 153
184 154
184 87
184 88
184 89
184 90
184 91
184 92
184 93
184 94
184 95
184 96
184 115
184 116
184 117
184 118
184 119
184 120
184 121
184 122
185 102
185 103
185 104
185 105
185 106
185 107
185 108
185 109
185 110
185 111
185 112
185 113
185 114
185 87
185 88
185 89
185 90
185 91
185 92
185 93
185 94
185 95
185 96
185 130
185 131
185 132
185 133
185 134
185 135
185 136
185 137
185 68
185 69
185 70
185 71
185 72
185 73
185 74
185 75
185 76
185 77
186 17
186 18
186 19
186 20
186 21
186 22
186 23
186 24
186 25
186 26
186 27
186 28
186 29
186 30
186 31
186 32
186 33
186 34
186 35
186 53
186 54
186 55
186 56
186 57
186 58
186 59
186 60
186 61
186 62
186 68
186 69
186 70
186 71
186 72
186 73
186 74
186 75
186 76
186 77
186 115
186 116
186 117
186 118
186 119
186 120
186 121
186 122
186 36
186 37
186 38
186 39
186 40
186 41
186 42
186 43
186 44
186 45
186 145
186 146
186 147
186 148
186 149
186 150
186 151
186 152
186 153
186 154
186 46
186 47
186 48
186 49
186 50
186 51
186 52
186 87
186 88
186 89
186 90
186 91
186 92
186 93
186 94
186 95
186 96
186 63
186 64
186 65
186 66
186 67
187 27
187 28
187 29
187 30
187 31
187 32
187 33
187 34
187 35
187 36
187 37
187 38
187 39
187 40
187 41
187 42
187 43
187 44
187 45
187 97
187 98
187 99
187 100
187 101
187 46
187 47
187 48
187 49
187 50
187 51
187 52
187 63
187 64
187 65
187 66
187 67
187 138
187 139
187 140
187 141
187 142
187 143
187 144
187 17
187 18
187 19
187 20
187 21
187 22
187 23
187 24
187 25
187 26
187 0
187 1
187 2
187 3
187 4
187 5
187 6
187 7
187 8
187 9
188 17
188 18
188 19
188 20
188 21
188 22
188 23
188 24
188 25
188 26
188 138
188 139
188 140
188 141
188 142
188 143
188 144
188 87
188 88
188 89
188 90
188 91
188 92
188 93
188 94
188 95
188 96
188 53
188 54
188 55
188 56
188 57
188 58
188 59
188 60
188 61
188 62
188 145
188 146
188 147
188 148
188 149
188 150
188 151
188 152
188 153
188 154
188 130
188 131
188 132
188 133
188 134
188 135
188 136
188 137
189 123
189 124
189 125
189 126
189 127
189 128
189 129
189 115
189 116
189 117
189 118
189 119
189 120
189 121
189 122
189 27
189 28
189 29
189 30
189 31
189 32
189 33
189 34
189 35
189 102
189 103
189 104
189 105
189 106
189 107
189 108
189 109
189 63
189 64
189 65
189 66
189 67
189 36
189 37
189 38
189 39
189 40
189 41
189 42
189 43
189 44
189 45
189 138
189 139
189 140
189 141
189 142
189 143
189 144
189 68
189 69
189 70
189 71
189 72
189 73
189 74
189 75
189 76
189 77
189 97
189 98
189 99
189 100
189 101
189 10
189 11
189 12
189 13
189 14
189 15
189 16
189 155
189 156
189 157
189 158
189 159
189 46
189 47
189 48
189 49
189 50
189 51
189 52
189 0
189 1
189 2
189 3
189 4
189 5
189 6
189 7
189 8
189 9
189 145
189 146
189 147
189 148
189 149
189 150
189 151
189 152
189 153
189 154
189 87
189 88
189 89
189 90
189 91
189 92
189 93
189 94
189 95
189 96
189 130
189 131
189 132
189 133
189 134
189 135
189 136
189 137
189 78
189 79
189 80
189 81
189 82
189 83
189 84
189 85
189 86
189 17
189 18
189 19
189 20
189 21
189 22
189 23
189 24
189 25
189 26
189 53
189 54
189 55
189 56
189 57
189 58
189 59
189 60
189 61
189 62
189 110
189 111
189 112
189 113
189 114
190 145
190 146
190 147
190 148
190 149
190 150
190 151
190 152
190 153
190 154
190 63
190 64
190 65
190 66
190 67
190 53
190 54
190 55
190 56
190 57
190 58
190 59
190 60
190 61
190 62
190 102
190 103
190 104
190 105
190 106
190 107
190 108
190 109
190 115
190 116
190 117
190 118
190 119
190 120
190 121
190 122
190 155
190 156
190 157
190 158
190 159
190 0
190 1
190 2
190 3
190 4
190 5
190 6
190 7
190 8
190 9
190 17
190 18
190 19
190 20
190 21
190 22
190 23
190 24
190 25
190 26
190 36
190 37
190 38
190 39
190 40
190 41
190 42
190 43
190 44
190 45
190 130
190 131
190 132
190 133
190 134
190 135
190 136
190 137
190 87
190 88
190 89
190 90
190 91
190 92
190 93
190 94
190 95
190 96
190 27
190 28
190 29
190 30
190 31
190 32
190 33
190 34
190 35
190 68
190 69
190 70
190 71
190 72
190 73
190 74
190 75
190 76
190 77
190 10
190 11
190 12
190 13
190 14
190 15
190 16
191 63
191 64
191 65
191 66
191 67
191 155
191 156
191 157
191 158
191 159
192 130
192 131
192 132
192 133
192 134
192 135
192 136
192 137
192 53
192 54
192 55
192 56
192 57
192 58
192 59
192 60
192 61
192 62
192 0
192 1
192 2
192 3
192 4
192 5
192 6
192 7
192 8
192 9
193 0
193 1
193 2
193 3
193 4
193 5
193 6
193 7
193 8
193 9
193 138
193 139
193 140
193 141
193 142
193 143
193 144
193 36
193 37
193 38
193 39
193 40
193 41
193 42
193 43
193 44
193 45
193 78
193 79
193 80
193 81
193 82
193 83
193 84
193 85
193 86
193 17
193 18
193 19
193 20
193 21
193 22
193 23
193 24
193 25
193 26
193 155
193 156
193 157
193 158
193 159
193 53
193 54
193 55
193 56
193 57
193 58
193 59
193 60
193 61
193 62
193 27
193 28
193 29
193 30
193 31
193 32
193 33
193 34
193 35
193 130
193 131
193 132
193 133
193 134
193 135
193 136
193 137
193 102
193 103
193 104
193 105
193 106
193 107
193 108
193 109
194 138
194 139
194 140
194 141
194 142
194 143
194 144
194 36
194 37
194 38
194 39
194 40
194 41
194 42
194 43
194 44
194 45
195 17
195 18
195 19
195 20
195 21
195 22
195 23
195 24
195 25
195 26
195 78
195 79
195 80
195 81
195 82
195 83
195 84
195 85
195 86
195 145
195 146
195 147
195 148
195 149
195 150
195 151
195 152
195 153
195 154
195 102
195 103
195 104
195 105
195 106
195 107
195 108
195 109
195 0
195 1
195 2
195 3
195 4
195 5
195 6
195 7
195 8
195 9
195 97
195 98
195 99
195 100
195 101
195 87
195 88
195 89
195 90
195 91
195 92
195 93
195 94
195 95
195 96
195 46
195 47
195 48
195 49
195 50
195 51
195 52
195 115
195 116
195 117
195 118
195 119
195 120
195 121
195 122
195 53
195 54
195 55
195 56
195 57
195 58
195 59
195 60
195 61
195 62
195 27
195 28
195 29
195 30
195 31
195 32
195 33
195 34
195 35
195 110
195 111
195 112
195 113
195 114
195 36
195 37
195 38
195 39
195 40
195 41
195 42
195 43
195 44
195 45
195 155
195 156
195 157
195 158
195 159
195 10
195 11
195 12
195 13
195 14
195 15
195 16
196 145
196 146
196 147
196 148
196 149
196 150
196 151
196 152
196 153
196 154
196 17
196 18
196 19
196 20
196 21
196 22
196 23
196 24
196 25
196 26
196 68
196 69
196 70
196 71
196 72
196 73
196 74
196 75
196 76
196 77
196 53
196 54
196 55
196 56
196 57
196 58
196 59
196 60
196 61
196 62
196 0
196 1
196 2
196 3
196 4
196 5
196 6
196 7
196 8
196 9
196 10
196 11
196 12
196 13
196 14
196 15
196 16
196 87
196 88
196 89
196 90
196 91
196 92
196 93
196 94
196 95
196 96
196 115
196 116
196 117
196 118
196 119
196 120
196 121
196 122
196 27
196 28
196 29
196 30
196 31
196 32
196 33
196 34
196 35
196 110
196 111
196 112
196 113
196 114
196 46
196 47
196 48
196 49
196 50
196 51
196 52
196 130
196 131
196 132
196 133
196 134
196 135
196 136
196 137
196 36
196 37
196 38
196 39
196 40
196 41
196 42
196 43
196 44
196 45
196 102
196 103
196 104
196 105
196 106
196 107
196 108
196 109
196 78
196 79
196 80
196 81
196 82
196 83
196 84
196 85
196 86
197 87
197 88
197 89
197 90
197 91
197 92
197 93
197 94
197 95
197 96
197 0
197 1
197 2
197 3
197 4
197 5
197 6
197 7
197 8
197 9
197 145
197 146
197 147
197 148
197 149
197 150
197 151
197 152
197 153
197 154
197 10
197 11
197 12
197 13
197 14
197 15
197 16
197 17
197 18
197 19
197 20
197 21
197 22
197 23
197 24
197 25
197 26
197 97
197 98
197 99
197 100
197 101
197 115
197 116
197 117
197 118
197 119
197 120
197 121
197 122
197 78
197 79
197 80
197 81
197 82
197 83
197 84
197 85
197 86
197 27
197 28
197 29
197 30
197 31
197 32
197 33
197 34
197 35
197 123
197 124
197 125
197 126
197 127
197 128
197 129
197 102
197 103
197 104
197 105
197 106
197 107
197 108
197 109
197 68
197 69
197 70
197 71
197 72
197 73
197 74
197 75
197 76
197 77
197 36
197 37
197 38
197 39
197 40
197 41
197 42
197 43
197 44
197 45
197 155
197 156
197 157
197 158
197 159
197 130
197 131
197 132
197 133
197 134
197 135
197 136
197 137
197 46
197 47
197 48
197 49
197 50
197 51
197 52
198 10
198 11
198 12
198 13
198 14
198 15
198 16
198 27
198 28
198 29
198 30
198 31
198 32
198 33
198 34
198 35
198 46
198 47
198 48
198 49
198 50
198 51
198 52
198 130
198 131
198 132
198 133
198 134
198 135
198 136
198 137
198 78
198 79
198 80
198 81
198 82
198 83
198 84
198 85
198 86
198 36
198 37
198 38
198 39
198 40
198 41
198 42
198 43
198 44
198 45
198 63
198 64
198 65
198 66
198 67
199 46
199 47
199 48
199 49
199 50
199 51
199 52
199 68
199 69
199 70
199 71
199 72
199 73
199 74
199 75
199 76
199 77
199 78
199 79
199 80
199 81
199 82
199 83
199 84
199 85
199 86
200 10
200 11
200 12
200 13
200 14
200 15
200 16
200 145
200 146
200 147
200 148
200 149
200 150
200 151
200 152
200 153
200 154
200 63
200 64
200 65
200 66
200 67
200 138
200 139
200 140
200 141
200 142
200 143
200 144
200 46
200 47
200 48
200 49
200 50
200 51
200 52
200 130
200 131
200 132
200 133
200 134
200 135
200 136
200 137
200 78
200 79
200 80
200 81
200 82
200 83
200 84
200 85
200 86
200 123
200 124
200 125
200 126
200 127
200 128
200 129
200 53
200 54
200 55
200 56
200 57
200 58
200 59
200 60
200 61
200 62
200 115
200 116
200 117
200 118
200 119
200 120
200 121
200 122
200 27
200 28
200 29
200 30
200 31
200 32
200 33
200 34
200 35
200 155
200 156
200 157
200 158
200 159
200 110
200 111
200 112
200 113
200 114
200 97
200 98
200 99
200 100
200 101
200 87
200 88
200 89
200 90
200 91
200 92
200 93
200 94
200 95
200 96
200 36
200 37
200 38
200 39
200 40
200 41
200 42
200 43
200 44
200 45
200 68
200 69
200 70
200 71
200 72
200 73
200 74
200 75
200 76
200 77
200 102
200 103
200 104
200 105
200 106
200 107
200 108
200 109
201 87
201 88
201 89
201 90
201 91
201 92
201 93
201 94
201 95
201 96
201 46
201 47
201 48
201 49
201 50
201 51
201 52
201 0
201 1
201 2
201 3
201 4
201 5
201 6
201 7
201 8
201 9
201 115
201 116
201 117
201 118
201 119
201 120
201 121
201 122
201 145
201 146
201 147
201 148
201 149
201 150
201 151
201 152
201 153
201 154
201 110
201 111
201 112
201 113
201 114
201 53
201 54
201 55
201 56
201 57
201 58
201 59
201 60
201 61
201 62
201 68
201 69
201 70
201 71
201 72
201 73
201 74
201 75
201 76
201 77
201 17
201 18
201 19
201 20
201 21
201 22
201 23
201 24
201 25
201 26
201 36
201 37
201 38
201 39
201 40
201 41
201 42
201 43
201 44
201 45
201 27
201 28
201 29
201 30
201 31
201 32
201 33
201 34
201 35
201 10
201 11
201 12
201 13
201 14
201 15
201 16
201 78
201 79
201 80
201 81
201 82
201 83
201 84
201 85
201 86
201 130
201 131
201 132
201 133
201 134
201 135
201 136
201 137
202 63
202 64
202 65
202 66
202 67
202 87
202 88
202 89
202 90
202 91
202 92
202 93
202 94
202 95
202 96
202 123
202 124
202 125
202 126
202 127
202 128
202 129
203 27
203 28
203 29
203 30
203 31
203 32
203 33
203 34
203 35
203 36
203 37
203 38
203 39
203 40
203 41
203 42
203 43
203 44
203 45
203 110
203 111
203 112
203 113
203 114
203 87
203 88
203 89
203 90
203 91
203 92
203 93
203 94
203 95
203 96
203 155
203 156
203 157
203 158
203 159
203 138
203 139
203 140
203 141
203 142
203 143
203 144
203 97
203 98
203 99
203 100
203 101
203 145
203 146
203 147
203 148
203 149
203 150
203 151
203 152
203 153
203 154
203 123
203 124
203 125
203 126
203 127
203 128
203 129
203 63
203 64
203 65
203 66
203 67
203 10
203 11
203 12
203 13
203 14
203 15
203 16
203 0
203 1
203 2
203 3
203 4
203 5
203 6
203 7
203 8
203 9
203 53
203 54
203 55
203 56
203 57
203 58
203 59
203 60
203 61
203 62
203 78
203 79
203 80
203 81
203 82
203 83
203 84
203 85
203 86
203 46
203 47
203 48
203 49
203 50
203 51
203 52
203 68
203 69
203 70
203 71
203 72
203 73
203 74
203 75
203 76
203 77
203 102
203 103
203 104
203 105
203 106
203 107
203 108
203 109
204 10
204 11
204 12
204 13
204 14
204 15
204 16
204 63
204 64
204 65
204 66
204 67
204 27
204 28
204 29
204 30
204 31
204 32
204 33
204 34
204 35
205 110
205 111
205 112
205 113
205 114
205 102
205 103
205 104
205 105
205 106
205 107
205 108
205 109
205 78
205 79
205 80
205 81
205 82
205 83
205 84
205 85
205 86
205 17
205 18
205 19
205 20
205 21
205 22
205 23
205 24
205 25
205 26
205 138
205 139
205 140
205 141
205 142
205 143
205 144
205 145
205 146
205 147
205 148
205 149
205 150
205 151
205 152
205 153
205 154
205 36
205 37
205 38
205 39
205 40
205 41
205 42
205 43
205 44
205 45
205 155
205 156
205 157
205 158
205 159
205 53
205 54
205 55
205 56
205 57
205 58
205 59
205 60
205 61
205 62
205 27
205 28
205 29
205 30
205 31
205 32
205 33
205 34
205 35
205 0
205 1
205 2
205 3
205 4
205 5
205 6
205 7
205 8
205 9
205 97
205 98
205 99
205 100
205 101
205 68
205 69
205 70
205 71
205 72
205 73
205 74
205 75
205 76
205 77
205 87
205 88
205 89
205 90
205 91
205 92
205 93
205 94
205 95
205 96
205 10
205 11
205 12
205 13
205 14
205 15
205 16
205 130
205 131
205 132
205 133
205 134
205 135
205 136
205 137
205 115
205 116
205 117
205 118
205 119
205 120
205 121
205 122
205 123
205 124
205 125
205 126
205 127
205 128
205 129
205 63
205 64
205 65
205 66
205 67
205 46
205 47
205 48
205 49
205 50
205 51
205 52
206 102
206 103
206 104
206 105
206 106
206 107
206 108
206 109
206 145
206 146
206 147
206 148
206 149
206 150
206 151
206 152
206 153
206 154
206 53
206 54
206 55
206 56
206 57
206 58
206 59
206 60
206 61
206 62
206 110
206 111
206 112
206 113
206 114
206 130
206 131
206 132
206 133
206 134
206 135
206 136
206 137
206 97
206 98
206 99
206 100
206 101
207 10
207 11
207 12
207 13
207 14
207 15
207 16
207 110
207 111
207 112
207 113
207 114
207 155
207 156
207 157
207 158
207 159
207 145
207 146
207 147
207 148
207 149
207 150
207 151
207 152
207 153
207 154
207 0
207 1
207 2
207 3
207 4
207 5
207 6
207 7
207 8
207 9
207 68
207 69
207 70
207 71
207 72
207 73
207 74
207 75
207 76
207 77
207 97
207 98
207 99
207 100
207 101
208 110
208 111
208 112
208 113
208 114
208 0
208 1
208 2
208 3
208 4
208 5
208 6
208 7
208 8
208 9
208 46
208 47
208 48
208 49
208 50
208 51
208 52
208 130
208 131
208 132
208 133
208 134
208 135
208 136
208 137
208 17
208 18
208 19
208 20
208 21
208 22
208 23
208 24
208 25
208 26
208 145
208 146
208 147
208 148
208 149
208 150
208 151
208 152
208 153
208 154
208 138
208 139
208 140
208 141
208 142
208 143
208 144
209 10
209 11
209 12
209 13
209 14
209 15
209 16
209 36
209 37
209 38
209 39
209 40
209 41
209 42
209 43
209 44
209 45
209 110
209 111
209 112
209 113
209 114
209 123
209 124
209 125
209 126
209 127
209 128
209 129
209 17
209 18
209 19
209 20
209 21
209 22
209 23
209 24
209 25
209 26
209 46
209 47
209 48
209 49
209 50
209 51
209 52
209 0
209 1
209 2
209 3
209 4
209 5
209 6
209 7
209 8
209 9
210 10
210 11
210 12
210 13
210 14
210 15
210 16
210 138
210 139
210 140
210 141
210 142
210 143
210 144
210 110
210 111
210 112
210 113
210 114
210 115
210 116
210 117
210 118
210 119
210 120
210 121
210 122
210 46
210 47
210 48
210 49
210 50
210 51
210 52
210 63
210 64
210 65
210 66
210 67
210 0
210 1
210 2
210 3
210 4
210 5
210 6
210 7
210 8
210 9
211 10
211 11
211 12
211 13
211 14
211 15
211 16
211 138
211 139
211 140
211 141
211 142
211 143
211 144
211 123
211 124
211 125
211 126
211 127
211 128
211 129
211 115
211 116
211 117
211 118
211 119
211 120
211 121
211 122
211 110
211 111
211 112
211 113
211 114
211 97
211 98
211 99
211 100
211 101
211 36
211 37
211 38
211 39
211 40
211 41
211 42
211 43
211 44
211 45
211 102
211 103
211 104
211 105
211 106
211 107
211 108
211 109
211 53
211 54
211 55
211 56
211 57
211 58
211 59
211 60
211 61
211 62
211 63
211 64
211 65
211 66
211 67
211 0
211 1
211 2
211 3
211 4
211 5
211 6
211 7
211 8
211 9
212 10
212 11
212 12
212 13
212 14
212 15
212 16
212 78
212 79
212 80
212 81
212 82
212 83
212 84
212 85
212 86
212 138
212 139
212 140
212 141
212 142
212 143
212 144
212 46
212 47
212 48
212 49
212 50
212 51
212 52
212 0
212 1
212 2
212 3
212 4
212 5
212 6
212 7
212 8
212 9
212 115
212 116
212 117
212 118
212 119
212 120
212 121
212 122
212 63
212 64
212 65
212 66
212 67
212 68
212 69
212 70
212 71
212 72
212 73
212 74
212 75
212 76
212 77
212 17
212 18
212 19
212 20
212 21
212 22
212 23
212 24
212 25
212 26
212 27
212 28
212 29
212 30
212 31
212 32
212 33
212 34
212 35
212 97
212 98
212 99
212 100
212 101
212 145
212 146
212 147
212 148
212 149
212 150
212 151
212 152
212 153
212 154
212 53
212 54
212 55
212 56
212 57
212 58
212 59
212 60
212 61
212 62
212 123
212 124
212 125
212 126
212 127
212 128
212 129
212 110
212 111
212 112
212 113
212 114
212 155
212 156
212 157
212 158
212 159
213 102
213 103
213 104
213 105
213 106
213 107
213 108
213 109
213 115
213 116
213 117
213 118
213 119
213 120
213 121
213 122
213 68
213 69
213 70
213 71
213 72
213 73
213 74
213 75
213 76
213 77
213 145
213 146
213 147
213 148
213 149
213 150
213 151
213 152
213 153
213 154
213 36
213 37
213 38
213 39
213 40
213 41
213 42
213 43
213 44
213 45
214 115
214 116
214 117
214 118
214 119
214 120
214 121
214 122
214 36
214 37
214 38
214 39
214 40
214 41
214 42
214 43
214 44
214 45
214 68
214 69
214 70
214 71
214 72
214 73
214 74
214 75
214 76
214 77
214 145
214 146
214 147
214 148
214 149
214 150
214 151
214 152
214 153
214 154
215 10
215 11
215 12
215 13
215 14
215 15
215 16
215 145
215 146
215 147
215 148
215 149
215 150
215 151
215 152
215 153
215 154
215 97
215 98
215 99
215 100
215 101
215 63
215 64
215 65
215 66
215 67
215 46
215 47
215 48
215 49
215 50
215 51
215 52
215 130
215 131
215 132
215 133
215 134
215 135
215 136
215 137
215 138
215 139
215 140
215 141
215 142
215 143
215 144
215 115
215 116
215 117
215 118
215 119
215 120
215 121
215 122
215 78
215 79
215 80
215 81
215 82
215 83
215 84
215 85
215 86
215 110
215 111
215 112
215 113
215 114
215 123
215 124
215 125
215 126
215 127
215 128
215 129
215 27
215 28
215 29
215 30
215 31
215 32
215 33
215 34
215 35
215 68
215 69
215 70
215 71
215 72
215 73
215 74
215 75
215 76
215 77
215 17
215 18
215 19
215 20
215 21
215 22
215 23
215 24
215 25
215 26
215 155
215 156
215 157
215 158
215 159
215 0
215 1
215 2
215 3
215 4
215 5
215 6
215 7
215 8
215 9
215 53
215 54
215 55
215 56
215 57
215 58
215 59
215 60
215 61
215 62
215 87
215 88
215 89
215 90
215 91
215 92
215 93
215 94
215 95
215 96
215 102
215 103
215 104
215 105
215 106
215 107
215 108
215 109
215 36
215 37
215 38
215 39
215 40
215 41
215 42
215 43
215 44
215 45
216 102
216 103
216 104
216 105
216 106
216 107
216 108
216 109
216 17
216 18
216 19
216 20
216 21
216 22
216 23
216 24
216 25
216 26
216 145
216 146
216 147
216 148
216 149
216 150
216 151
216 152
216 153
216 154
216 10
216 11
216 12
216 13
216 14
216 15
216 16
216 36
216 37
216 38
216 39
216 40
216 41
216 42
216 43
216 44
216 45
216 53
216 54
216 55
216 56
216 57
216 58
216 59
216 60
216 61
216 62
216 27
216 28
216 29
216 30
216 31
216 32
216 33
216 34
216 35
216 138
216 139
216 140
216 141
216 142
216 143
216 144
216 130
216 131
216 132
216 133
216 134
216 135
216 136
216 137
216 97
216 98
216 99
216 100
216 101
216 0
216 1
216 2
216 3
216 4
216 5
216 6
216 7
216 8
216 9
216 63
216 64
216 65
216 66
216 67
216 87
216 88
216 89
216 90
216 91
216 92
216 93
216 94
216 95
216 96
216 155
216 156
216 157
216 158
216 159
216 68
216 69
216 70
216 71
216 72
216 73
216 74
216 75
216 76
216 77
216 46
216 47
216 48
216 49
216 50
216 51
216 52
216 115
216 116
216 117
216 118
216 119
216 120
216 121
216 122
216 123
216 124
216 125
216 126
216 127
216 128
216 129
217 46
217 47
217 48
217 49
217 50
217 51
217 52
217 68
217 69
217 70
217 71
217 72
217 73
217 74
217 75
217 76
217 77
217 27
217 28
217 29
217 30
217 31
217 32
217 33
217 34
217 35
217 78
217 79
217 80
217 81
217 82
217 83
217 84
217 85
217 86
217 110
217 111
217 112
217 113
217 114
217 145
217 146
217 147
217 148
217 149
217 150
217 151
217 152
217 153
217 154
217 155
217 156
217 157
217 158
217 159
217 115
217 116
217 117
217 118
217 119
217 120
217 121
217 122
217 138
217 139
217 140
217 141
217 142
217 143
217 144
217 36
217 37
217 38
217 39
217 40
217 41
217 42
217 43
217 44
217 45
217 17
217 18
217 19
217 20
217 21
217 22
217 23
217 24
217 25
217 26
217 63
217 64
217 65
217 66
217 67
217 87
217 88
217 89
217 90
217 91
217 92
217 93
217 94
217 95
217 96
217 53
217 54
217 55
217 56
217 57
217 58
217 59
217 60
217 61
217 62
217 123
217 124
217 125
217 126
217 127
217 128
217 129
217 97
217 98
217 99
217 100
217 101
217 10
217 11
217 12
217 13
217 14
217 15
217 16
217 0
217 1
217 2
217 3
217 4
217 5
217 6
217 7
217 8
217 9
217 102
217 103
217 104
217 105
217 106
217 107
217 108
217 109
217 130
217 131
217 132
217 133
217 134
217 135
217 136
217 137
218 102
218 103
218 104
218 105
218 106
218 107
218 108
218 109
218 63
218 64
218 65
218 66
218 67
218 68
218 69
218 70
218 71
218 72
218 73
218 74
218 75
218 76
218 77
218 78
218 79
218 80
218 81
218 82
218 83
218 84
218 85
218 86
218 0
218 1
218 2
218 3
218 4
218 5
218 6
218 7
218 8
218 9
219 145
219 146
219 147
219 148
219 149
219 150
219 151
219 152
219 153
219 154
219 46
219 47
219 48
219 49
219 50
219 51
219 52
219 130
219 131
219 132
219 133
219 134
219 135
219 136
219 137
219 123
219 124
219 125
219 126
219 127
219 128
219 129
219 0
219 1
219 2
219 3
219 4
219 5
219 6
219 7
219 8
219 9
219 155
219 156
219 157
219 158
219 159
219 53
219 54
219 55
219 56
219 57
219 58
219 59
219 60
219 61
219 62
219 87
219 88
219 89
219 90
219 91
219 92
219 93
219 94
219 95
219 96
219 63
219 64
219 65
219 66
219 67
219 110
219 111
219 112
219 113
219 114
219 36
219 37
219 38
219 39
219 40
219 41
219 42
219 43
219 44
219 45
219 10
219 11
219 12
219 13
219 14
219 15
219 16
219 68
219 69
219 70
219 71
219 72
219 73
219 74
219 75
219 76
219 77
219 78
219 79
219 80
219 81
219 82
219 83
219 84
219 85
219 86
219 115
219 116
219 117
219 118
219 119
219 120
219 121
219 122
219 97
219 98
219 99
219 100
219 101
219 102
219 103
219 104
219 105
219 106
219 107
219 108
219 109
